GLCM
precision           recall
exp1
1	                0.200000000000000
0.882075650827714	0.400000000000000
0.788135059570052	0.600000000000000
0.682198668469427	0.800000000000000
0.529994755419413	1

exp2
1	                0.200000000000000
0.882242475280133	0.400000000000000
0.777009780623070	0.600000000000000
0.640635548331982	0.800000000000000
0.523277976337457	1

exp3
1	                0.200000000000000
0.887485082207494	0.400000000000000
0.772021845118071	0.600000000000000
0.651202239246649	0.800000000000000
0.514489931081873	1

exp4
1	                0.200000000000000
0.885505570851870	0.400000000000000
0.770879467931291	0.600000000000000
0.668142940614173	0.800000000000000
0.517236246644242	1

exp5
1	                0.200000000000000
0.899260600325339	0.400000000000000
0.780250306881145	0.600000000000000
0.679531681361415	0.800000000000000
0.550974208844856	1

exp6
1	                0.200000000000000
0.893575926405256	0.400000000000000
0.768447790929462	0.600000000000000
0.656906798118923	0.800000000000000
0.515052582470213	1

exp7 
1	                0.200000000000000
0.894801097745745	0.400000000000000
0.786734227447496	0.600000000000000
0.661329937872522	0.800000000000000
0.521233544018673	1

exp8
1	                0.200000000000000
0.905031994011035	0.400000000000000
0.779167536189691	0.600000000000000
0.651449388124727	0.800000000000000
0.526200541433088	1

exp9
1	                0.200000000000000
0.884051071201805	0.400000000000000
0.743532975157382	0.600000000000000
0.634590840784609	0.800000000000000
0.474818673560606	1

exp10
1	                0.200000000000000
0.878754893889253	0.400000000000000
0.759078630300955	0.600000000000000
0.645143578059785	0.800000000000000
0.510588832406699	1
