LBP
precision           recall 
exp1
1	                0.200000000000000
0.943999612135071	0.400000000000000
0.866013191831751	0.600000000000000
0.784363001849340	0.800000000000000
0.667086253035418	1

exp2
1	                0.200000000000000
0.934914449960158	0.400000000000000
0.869130523296681	0.600000000000000
0.787585943281924	0.800000000000000
0.665183040199789	1

exp3
1	                0.200000000000000
0.937030931609153	0.400000000000000
0.868050855645340	0.600000000000000
0.781271040820086	0.800000000000000
0.682668874025885	1

exp4
1	                0.200000000000000
0.932329771791587	0.400000000000000
0.854463530843670	0.600000000000000
0.768896558917933	0.800000000000000
0.652521947191297	1

exp5
1	                0.200000000000000
0.940618509315511	0.400000000000000
0.866350395312385	0.600000000000000
0.780465699138308	0.800000000000000
0.682928188625737	1

exp6
1	                0.200000000000000
0.944939011584515	0.400000000000000
0.866070188776246	0.600000000000000
0.759383289530969	0.800000000000000
0.637421315369766	1

exp7
1	                0.200000000000000
0.938202599342442	0.400000000000000
0.853094156230342	0.600000000000000
0.773851011268969	0.800000000000000
0.648296974254116	1

exp8
1	                0.200000000000000
0.942916922586901	0.400000000000000
0.864565808546532	0.600000000000000
0.778311417270142	0.800000000000000
0.662355067674765	1

exp9
1	                0.200000000000000
0.926320337049430	0.400000000000000
0.853686132041277	0.600000000000000
0.742502886791502	0.800000000000000
0.637941294586826	1

exp10
1	                0.200000000000000
0.951882464445235	0.400000000000000
0.877640190737674	0.600000000000000
0.786962362848727	0.800000000000000
0.660730851785222	1